cyclist 0.00 0 0.0 654.00 134.00 723.00 308.00 0.0 0.0 0.0 0.0 0.0 0.0 0.0 0.0
car 0.00 0 0.0 1.00 210.00 154.00 375.00 0.0 0.0 0.0 0.0 0.0 0.0 0.0 0.0
car 0.00 0 0.0 103.00 209.00 273.00 375.00 0.0 0.0 0.0 0.0 0.0 0.0 0.0 0.0
car 0.00 0 0.0 176.00 186.00 331.00 370.00 0.0 0.0 0.0 0.0 0.0 0.0 0.0 0.0
car 0.00 0 0.0 883.00 169.00 1101.00 357.00 0.0 0.0 0.0 0.0 0.0 0.0 0.0 0.0
car 0.00 0 0.0 837.00 174.00 952.00 302.00 0.0 0.0 0.0 0.0 0.0 0.0 0.0 0.0
car 0.00 0 0.0 806.00 162.00 895.00 268.00 0.0 0.0 0.0 0.0 0.0 0.0 0.0 0.0
car 0.00 0 0.0 770.00 129.00 876.00 229.00 0.0 0.0 0.0 0.0 0.0 0.0 0.0 0.0
car 0.00 0 0.0 754.00 122.00 818.00 191.00 0.0 0.0 0.0 0.0 0.0 0.0 0.0 0.0
car 0.00 0 0.0 254.00 173.00 389.00 326.00 0.0 0.0 0.0 0.0 0.0 0.0 0.0 0.0
car 0.00 0 0.0 322.00 170.00 428.00 293.00 0.0 0.0 0.0 0.0 0.0 0.0 0.0 0.0
car 0.00 0 0.0 340.00 148.00 446.00 274.00 0.0 0.0 0.0 0.0 0.0 0.0 0.0 0.0
car 0.00 0 0.0 395.00 141.00 486.00 259.00 0.0 0.0 0.0 0.0 0.0 0.0 0.0 0.0
car 0.00 0 0.0 436.00 136.00 509.00 234.00 0.0 0.0 0.0 0.0 0.0 0.0 0.0 0.0
person 0.00 0 0.0 853.00 83.00 882.00 138.00 0.0 0.0 0.0 0.0 0.0 0.0 0.0 0.0
person 0.00 0 0.0 96.00 125.00 145.00 201.00 0.0 0.0 0.0 0.0 0.0 0.0 0.0 0.0
person 0.00 0 0.0 227.00 94.00 261.00 165.00 0.0 0.0 0.0 0.0 0.0 0.0 0.0 0.0
car 0.00 0 0.0 485.00 115.00 537.00 189.00 0.0 0.0 0.0 0.0 0.0 0.0 0.0 0.0
car 0.00 0 0.0 732.00 99.00 787.00 169.00 0.0 0.0 0.0 0.0 0.0 0.0 0.0 0.0