car 0.00 0 0.0 424.00 164.00 599.00 300.00 0.0 0.0 0.0 0.0 0.0 0.0 0.0 0.0
car 0.00 0 0.0 701.00 159.00 847.00 296.00 0.0 0.0 0.0 0.0 0.0 0.0 0.0 0.0
car 0.00 0 0.0 849.00 167.00 1058.00 328.00 0.0 0.0 0.0 0.0 0.0 0.0 0.0 0.0
car 0.00 0 0.0 595.00 183.00 667.00 237.00 0.0 0.0 0.0 0.0 0.0 0.0 0.0 0.0
car 0.00 0 0.0 265.00 188.00 346.00 257.00 0.0 0.0 0.0 0.0 0.0 0.0 0.0 0.0
car 0.00 0 0.0 351.00 182.00 406.00 235.00 0.0 0.0 0.0 0.0 0.0 0.0 0.0 0.0
car 0.00 0 0.0 399.00 182.00 432.00 217.00 0.0 0.0 0.0 0.0 0.0 0.0 0.0 0.0
car 0.00 0 0.0 582.00 182.00 610.00 218.00 0.0 0.0 0.0 0.0 0.0 0.0 0.0 0.0
cyclist 0.00 0 0.0 177.00 161.00 235.00 290.00 0.0 0.0 0.0 0.0 0.0 0.0 0.0 0.0
cyclist 0.00 0 0.0 97.00 159.00 174.00 308.00 0.0 0.0 0.0 0.0 0.0 0.0 0.0 0.0
cyclist 0.00 0 0.0 14.00 150.00 81.00 299.00 0.0 0.0 0.0 0.0 0.0 0.0 0.0 0.0
cyclist 0.00 0 0.0 1127.00 138.00 1242.00 354.00 0.0 0.0 0.0 0.0 0.0 0.0 0.0 0.0
person 0.00 0 0.0 1086.00 171.00 1118.00 253.00 0.0 0.0 0.0 0.0 0.0 0.0 0.0 0.0