car 0.00 0 0.0 431.00 167.00 535.00 290.00 0.0 0.0 0.0 0.0 0.0 0.0 0.0 0.0
car 0.00 0 0.0 190.00 210.00 342.00 326.00 0.0 0.0 0.0 0.0 0.0 0.0 0.0 0.0
car 0.00 0 0.0 38.00 219.00 189.00 357.00 0.0 0.0 0.0 0.0 0.0 0.0 0.0 0.0
car 0.00 0 0.0 1.00 210.00 98.00 371.00 0.0 0.0 0.0 0.0 0.0 0.0 0.0 0.0
car 0.00 0 0.0 605.00 150.00 672.00 242.00 0.0 0.0 0.0 0.0 0.0 0.0 0.0 0.0
car 0.00 0 0.0 303.00 201.00 408.00 309.00 0.0 0.0 0.0 0.0 0.0 0.0 0.0 0.0
cyclist 0.00 0 0.0 806.00 191.00 847.00 286.00 0.0 0.0 0.0 0.0 0.0 0.0 0.0 0.0
cyclist 0.00 0 0.0 999.00 191.00 1067.00 359.00 0.0 0.0 0.0 0.0 0.0 0.0 0.0 0.0
cyclist 0.00 0 0.0 680.00 182.00 714.00 235.00 0.0 0.0 0.0 0.0 0.0 0.0 0.0 0.0
car 0.00 0 0.0 530.00 197.00 550.00 240.00 0.0 0.0 0.0 0.0 0.0 0.0 0.0 0.0
car 0.00 0 0.0 542.00 192.00 575.00 232.00 0.0 0.0 0.0 0.0 0.0 0.0 0.0 0.0
person 0.00 0 0.0 1060.00 198.00 1088.00 283.00 0.0 0.0 0.0 0.0 0.0 0.0 0.0 0.0