car 0.00 0 0.0 451.00 154.00 558.00 248.00 0.0 0.0 0.0 0.0 0.0 0.0 0.0 0.0
car 0.00 0 0.0 310.00 136.00 366.00 191.00 0.0 0.0 0.0 0.0 0.0 0.0 0.0 0.0
car 0.00 0 0.0 370.00 119.00 407.00 155.00 0.0 0.0 0.0 0.0 0.0 0.0 0.0 0.0
car 0.00 0 0.0 421.00 121.00 452.00 154.00 0.0 0.0 0.0 0.0 0.0 0.0 0.0 0.0
car 0.00 0 0.0 324.00 101.00 350.00 124.00 0.0 0.0 0.0 0.0 0.0 0.0 0.0 0.0
car 0.00 0 0.0 815.00 222.00 998.00 347.00 0.0 0.0 0.0 0.0 0.0 0.0 0.0 0.0
car 0.00 0 0.0 929.00 194.00 1098.00 339.00 0.0 0.0 0.0 0.0 0.0 0.0 0.0 0.0
car 0.00 0 0.0 750.00 162.00 850.00 257.00 0.0 0.0 0.0 0.0 0.0 0.0 0.0 0.0
car 0.00 0 0.0 863.00 183.00 935.00 246.00 0.0 0.0 0.0 0.0 0.0 0.0 0.0 0.0
car 0.00 0 0.0 557.00 131.00 586.00 171.00 0.0 0.0 0.0 0.0 0.0 0.0 0.0 0.0
car 0.00 0 0.0 533.00 123.00 562.00 157.00 0.0 0.0 0.0 0.0 0.0 0.0 0.0 0.0
car 0.00 0 0.0 514.00 118.00 537.00 150.00 0.0 0.0 0.0 0.0 0.0 0.0 0.0 0.0
train 0.00 0 0.0 578.00 61.00 738.00 228.00 0.0 0.0 0.0 0.0 0.0 0.0 0.0 0.0
train 0.00 0 0.0 363.00 64.00 399.00 101.00 0.0 0.0 0.0 0.0 0.0 0.0 0.0 0.0