person 0.00 0 0.0 1151.00 154.00 1200.00 314.00 0.0 0.0 0.0 0.0 0.0 0.0 0.0 0.0
person 0.00 0 0.0 1086.00 150.00 1141.00 297.00 0.0 0.0 0.0 0.0 0.0 0.0 0.0 0.0
person 0.00 0 0.0 989.00 154.00 1039.00 282.00 0.0 0.0 0.0 0.0 0.0 0.0 0.0 0.0
person 0.00 0 0.0 159.00 175.00 186.00 246.00 0.0 0.0 0.0 0.0 0.0 0.0 0.0 0.0
person 0.00 0 0.0 183.00 169.00 206.00 243.00 0.0 0.0 0.0 0.0 0.0 0.0 0.0 0.0
person 0.00 0 0.0 268.00 162.00 293.00 229.00 0.0 0.0 0.0 0.0 0.0 0.0 0.0 0.0
person 0.00 0 0.0 950.00 169.00 977.00 245.00 0.0 0.0 0.0 0.0 0.0 0.0 0.0 0.0
person 0.00 0 0.0 916.00 168.00 946.00 245.00 0.0 0.0 0.0 0.0 0.0 0.0 0.0 0.0
person 0.00 0 0.0 875.00 169.00 899.00 245.00 0.0 0.0 0.0 0.0 0.0 0.0 0.0 0.0
person 0.00 0 0.0 301.00 157.00 321.00 221.00 0.0 0.0 0.0 0.0 0.0 0.0 0.0 0.0
person 0.00 0 0.0 319.00 157.00 338.00 222.00 0.0 0.0 0.0 0.0 0.0 0.0 0.0 0.0
person 0.00 0 0.0 817.00 156.00 844.00 218.00 0.0 0.0 0.0 0.0 0.0 0.0 0.0 0.0
person 0.00 0 0.0 789.00 155.00 812.00 218.00 0.0 0.0 0.0 0.0 0.0 0.0 0.0 0.0
person 0.00 0 0.0 769.00 157.00 789.00 215.00 0.0 0.0 0.0 0.0 0.0 0.0 0.0 0.0
person 0.00 0 0.0 741.00 155.00 760.00 206.00 0.0 0.0 0.0 0.0 0.0 0.0 0.0 0.0