car 0.00 0 0.0 633.00 160.00 769.00 275.00 0.0 0.0 0.0 0.0 0.0 0.0 0.0 0.0
person 0.00 0 0.0 4.00 157.00 76.00 348.00 0.0 0.0 0.0 0.0 0.0 0.0 0.0 0.0
person 0.00 0 0.0 65.00 149.00 126.00 329.00 0.0 0.0 0.0 0.0 0.0 0.0 0.0 0.0
person 0.00 0 0.0 155.00 159.00 206.00 304.00 0.0 0.0 0.0 0.0 0.0 0.0 0.0 0.0
person 0.00 0 0.0 231.00 159.00 261.00 279.00 0.0 0.0 0.0 0.0 0.0 0.0 0.0 0.0
person 0.00 0 0.0 275.00 159.00 315.00 279.00 0.0 0.0 0.0 0.0 0.0 0.0 0.0 0.0
person 0.00 0 0.0 319.00 165.00 357.00 271.00 0.0 0.0 0.0 0.0 0.0 0.0 0.0 0.0
person 0.00 0 0.0 369.00 163.00 401.00 255.00 0.0 0.0 0.0 0.0 0.0 0.0 0.0 0.0
person 0.00 0 0.0 406.00 159.00 437.00 239.00 0.0 0.0 0.0 0.0 0.0 0.0 0.0 0.0
person 0.00 0 0.0 451.00 168.00 488.00 269.00 0.0 0.0 0.0 0.0 0.0 0.0 0.0 0.0
bicycle 0.00 0 0.0 829.00 211.00 989.00 302.00 0.0 0.0 0.0 0.0 0.0 0.0 0.0 0.0
person 0.00 0 0.0 1015.00 157.00 1059.00 296.00 0.0 0.0 0.0 0.0 0.0 0.0 0.0 0.0
person 0.00 0 0.0 1067.00 164.00 1101.00 266.00 0.0 0.0 0.0 0.0 0.0 0.0 0.0 0.0
person 0.00 0 0.0 1107.00 156.00 1164.00 346.00 0.0 0.0 0.0 0.0 0.0 0.0 0.0 0.0
person 0.00 0 0.0 1153.00 160.00 1218.00 342.00 0.0 0.0 0.0 0.0 0.0 0.0 0.0 0.0
person 0.00 0 0.0 1001.00 159.00 1025.00 245.00 0.0 0.0 0.0 0.0 0.0 0.0 0.0 0.0