person 0.00 0 0.0 103.00 155.00 222.00 375.00 0.0 0.0 0.0 0.0 0.0 0.0 0.0 0.0
person 0.00 0 0.0 184.00 147.00 251.00 375.00 0.0 0.0 0.0 0.0 0.0 0.0 0.0 0.0
person 0.00 0 0.0 248.00 118.00 345.00 375.00 0.0 0.0 0.0 0.0 0.0 0.0 0.0 0.0
person 0.00 0 0.0 371.00 121.00 439.00 375.00 0.0 0.0 0.0 0.0 0.0 0.0 0.0 0.0
person 0.00 0 0.0 422.00 136.00 506.00 375.00 0.0 0.0 0.0 0.0 0.0 0.0 0.0 0.0
person 0.00 0 0.0 558.00 125.00 618.00 329.00 0.0 0.0 0.0 0.0 0.0 0.0 0.0 0.0
person 0.00 0 0.0 648.00 127.00 694.00 267.00 0.0 0.0 0.0 0.0 0.0 0.0 0.0 0.0
person 0.00 0 0.0 689.00 121.00 746.00 299.00 0.0 0.0 0.0 0.0 0.0 0.0 0.0 0.0
person 0.00 0 0.0 953.00 118.00 995.00 275.00 0.0 0.0 0.0 0.0 0.0 0.0 0.0 0.0
person 0.00 0 0.0 984.00 132.00 1039.00 286.00 0.0 0.0 0.0 0.0 0.0 0.0 0.0 0.0
person 0.00 0 0.0 1063.00 144.00 1137.00 343.00 0.0 0.0 0.0 0.0 0.0 0.0 0.0 0.0
person 0.00 0 0.0 1169.00 132.00 1238.00 343.00 0.0 0.0 0.0 0.0 0.0 0.0 0.0 0.0
person 0.00 0 0.0 498.00 118.00 550.00 265.00 0.0 0.0 0.0 0.0 0.0 0.0 0.0 0.0
person 0.00 0 0.0 596.00 122.00 642.00 227.00 0.0 0.0 0.0 0.0 0.0 0.0 0.0 0.0
person 0.00 0 0.0 23.00 170.00 68.00 330.00 0.0 0.0 0.0 0.0 0.0 0.0 0.0 0.0
person 0.00 0 0.0 74.00 163.00 115.00 357.00 0.0 0.0 0.0 0.0 0.0 0.0 0.0 0.0
bicycle 0.00 0 0.0 875.00 250.00 1171.00 375.00 0.0 0.0 0.0 0.0 0.0 0.0 0.0 0.0