bicycle 0.00 0 0.0 654.00 105.00 775.00 375.00 0.0 0.0 0.0 0.0 0.0 0.0 0.0 0.0
bicycle 0.00 0 0.0 453.00 127.00 521.00 283.00 0.0 0.0 0.0 0.0 0.0 0.0 0.0 0.0
bicycle 0.00 0 0.0 568.00 134.00 622.00 247.00 0.0 0.0 0.0 0.0 0.0 0.0 0.0 0.0
bicycle 0.00 0 0.0 349.00 124.00 415.00 269.00 0.0 0.0 0.0 0.0 0.0 0.0 0.0 0.0
bicycle 0.00 0 0.0 163.00 100.00 351.00 375.00 0.0 0.0 0.0 0.0 0.0 0.0 0.0 0.0
bicycle 0.00 0 0.0 68.00 153.00 142.00 279.00 0.0 0.0 0.0 0.0 0.0 0.0 0.0 0.0
bicycle 0.00 0 0.0 907.00 146.00 950.00 219.00 0.0 0.0 0.0 0.0 0.0 0.0 0.0 0.0
bicycle 0.00 0 0.0 844.00 143.00 871.00 189.00 0.0 0.0 0.0 0.0 0.0 0.0 0.0 0.0
car 0.00 0 0.0 775.00 151.00 837.00 200.00 0.0 0.0 0.0 0.0 0.0 0.0 0.0 0.0
car 0.00 0 0.0 742.00 159.00 775.00 191.00 0.0 0.0 0.0 0.0 0.0 0.0 0.0 0.0
car 0.00 0 0.0 643.00 160.00 683.00 198.00 0.0 0.0 0.0 0.0 0.0 0.0 0.0 0.0
person 0.00 0 0.0 312.00 138.00 341.00 209.00 0.0 0.0 0.0 0.0 0.0 0.0 0.0 0.0
person 0.00 0 0.0 14.00 143.00 42.00 234.00 0.0 0.0 0.0 0.0 0.0 0.0 0.0 0.0
person 0.00 0 0.0 405.00 135.00 419.00 191.00 0.0 0.0 0.0 0.0 0.0 0.0 0.0 0.0
person 0.00 0 0.0 539.00 135.00 562.00 189.00 0.0 0.0 0.0 0.0 0.0 0.0 0.0 0.0