bicycle 0.00 0 0.0 557.00 155.00 630.00 337.00 0.0 0.0 0.0 0.0 0.0 0.0 0.0 0.0
car 0.00 0 0.0 856.00 177.00 1049.00 327.00 0.0 0.0 0.0 0.0 0.0 0.0 0.0 0.0
bicycle 0.00 0 0.0 1049.00 145.00 1091.00 257.00 0.0 0.0 0.0 0.0 0.0 0.0 0.0 0.0
car 0.00 0 0.0 813.00 137.00 865.00 194.00 0.0 0.0 0.0 0.0 0.0 0.0 0.0 0.0
car 0.00 0 0.0 691.00 146.00 731.00 179.00 0.0 0.0 0.0 0.0 0.0 0.0 0.0 0.0
car 0.00 0 0.0 647.00 150.00 678.00 182.00 0.0 0.0 0.0 0.0 0.0 0.0 0.0 0.0
train 0.00 0 0.0 61.00 1.00 548.00 368.00 0.0 0.0 0.0 0.0 0.0 0.0 0.0 0.0
car 0.00 0 0.0 1094.00 154.00 1163.00 202.00 0.0 0.0 0.0 0.0 0.0 0.0 0.0 0.0
bicycle 0.00 0 0.0 1210.00 132.00 1242.00 226.00 0.0 0.0 0.0 0.0 0.0 0.0 0.0 0.0
person 0.00 0 0.0 906.00 123.00 931.00 178.00 0.0 0.0 0.0 0.0 0.0 0.0 0.0 0.0
person 0.00 0 0.0 892.00 137.00 909.00 181.00 0.0 0.0 0.0 0.0 0.0 0.0 0.0 0.0
car 0.00 0 0.0 944.00 146.00 990.00 174.00 0.0 0.0 0.0 0.0 0.0 0.0 0.0 0.0
car 0.00 0 0.0 1.00 152.00 76.00 235.00 0.0 0.0 0.0 0.0 0.0 0.0 0.0 0.0