car 0.00 0 0.0 3.00 231.00 154.00 373.00 0.0 0.0 0.0 0.0 0.0 0.0 0.0 0.0
car 0.00 0 0.0 74.00 225.00 201.00 362.00 0.0 0.0 0.0 0.0 0.0 0.0 0.0 0.0
car 0.00 0 0.0 187.00 237.00 285.00 329.00 0.0 0.0 0.0 0.0 0.0 0.0 0.0 0.0
car 0.00 0 0.0 261.00 226.00 346.00 311.00 0.0 0.0 0.0 0.0 0.0 0.0 0.0 0.0
car 0.00 0 0.0 290.00 179.00 384.00 306.00 0.0 0.0 0.0 0.0 0.0 0.0 0.0 0.0
car 0.00 0 0.0 458.00 155.00 521.00 221.00 0.0 0.0 0.0 0.0 0.0 0.0 0.0 0.0
car 0.00 0 0.0 777.00 191.00 877.00 253.00 0.0 0.0 0.0 0.0 0.0 0.0 0.0 0.0
car 0.00 0 0.0 869.00 151.00 993.00 265.00 0.0 0.0 0.0 0.0 0.0 0.0 0.0 0.0
car 0.00 0 0.0 926.00 213.00 1021.00 311.00 0.0 0.0 0.0 0.0 0.0 0.0 0.0 0.0
car 0.00 0 0.0 988.00 223.00 1098.00 331.00 0.0 0.0 0.0 0.0 0.0 0.0 0.0 0.0
car 0.00 0 0.0 1037.00 238.00 1151.00 345.00 0.0 0.0 0.0 0.0 0.0 0.0 0.0 0.0
car 0.00 0 0.0 1117.00 241.00 1241.00 365.00 0.0 0.0 0.0 0.0 0.0 0.0 0.0 0.0
car 0.00 0 0.0 405.00 147.00 438.00 173.00 0.0 0.0 0.0 0.0 0.0 0.0 0.0 0.0