person 0.00 0 0.0 157.00 175.00 178.00 253.00 0.0 0.0 0.0 0.0 0.0 0.0 0.0 0.0
person 0.00 0 0.0 183.00 182.00 209.00 261.00 0.0 0.0 0.0 0.0 0.0 0.0 0.0 0.0
person 0.00 0 0.0 61.00 199.00 97.00 274.00 0.0 0.0 0.0 0.0 0.0 0.0 0.0 0.0
person 0.00 0 0.0 110.00 197.00 131.00 262.00 0.0 0.0 0.0 0.0 0.0 0.0 0.0 0.0
car 0.00 0 0.0 213.00 155.00 418.00 311.00 0.0 0.0 0.0 0.0 0.0 0.0 0.0 0.0
car 0.00 0 0.0 398.00 185.00 455.00 261.00 0.0 0.0 0.0 0.0 0.0 0.0 0.0 0.0
car 0.00 0 0.0 455.00 150.00 640.00 315.00 0.0 0.0 0.0 0.0 0.0 0.0 0.0 0.0
car 0.00 0 0.0 608.00 183.00 669.00 251.00 0.0 0.0 0.0 0.0 0.0 0.0 0.0 0.0
car 0.00 0 0.0 750.00 185.00 837.00 255.00 0.0 0.0 0.0 0.0 0.0 0.0 0.0 0.0
car 0.00 0 0.0 901.00 198.00 1003.00 271.00 0.0 0.0 0.0 0.0 0.0 0.0 0.0 0.0
car 0.00 0 0.0 882.00 196.00 936.00 248.00 0.0 0.0 0.0 0.0 0.0 0.0 0.0 0.0
car 0.00 0 0.0 865.00 190.00 905.00 241.00 0.0 0.0 0.0 0.0 0.0 0.0 0.0 0.0
car 0.00 0 0.0 678.00 189.00 719.00 227.00 0.0 0.0 0.0 0.0 0.0 0.0 0.0 0.0
bicycle 0.00 0 0.0 1026.00 145.00 1104.00 375.00 0.0 0.0 0.0 0.0 0.0 0.0 0.0 0.0