car 0.00 0 0.0 570.00 110.00 646.00 166.00 0.0 0.0 0.0 0.0 0.0 0.0 0.0 0.0
train 0.00 0 0.0 251.00 1.00 555.00 235.00 0.0 0.0 0.0 0.0 0.0 0.0 0.0 0.0
bicycle 0.00 0 0.0 710.00 152.00 822.00 375.00 0.0 0.0 0.0 0.0 0.0 0.0 0.0 0.0
bicycle 0.00 0 0.0 890.00 153.00 1004.00 375.00 0.0 0.0 0.0 0.0 0.0 0.0 0.0 0.0
bicycle 0.00 0 0.0 132.00 152.00 253.00 375.00 0.0 0.0 0.0 0.0 0.0 0.0 0.0 0.0
person 0.00 0 0.0 55.00 135.00 117.00 322.00 0.0 0.0 0.0 0.0 0.0 0.0 0.0 0.0
person 0.00 0 0.0 27.00 145.00 59.00 293.00 0.0 0.0 0.0 0.0 0.0 0.0 0.0 0.0
person 0.00 0 0.0 1150.00 171.00 1191.00 313.00 0.0 0.0 0.0 0.0 0.0 0.0 0.0 0.0
bicycle 0.00 0 0.0 1051.00 142.00 1114.00 287.00 0.0 0.0 0.0 0.0 0.0 0.0 0.0 0.0
bicycle 0.00 0 0.0 1011.00 129.00 1059.00 277.00 0.0 0.0 0.0 0.0 0.0 0.0 0.0 0.0
person 0.00 0 0.0 887.00 117.00 917.00 195.00 0.0 0.0 0.0 0.0 0.0 0.0 0.0 0.0