car 0.00 0 0.0 374.00 217.00 475.00 301.00 0.0 0.0 0.0 0.0 0.0 0.0 0.0 0.0
car 0.00 0 0.0 873.00 227.00 1012.00 363.00 0.0 0.0 0.0 0.0 0.0 0.0 0.0 0.0
car 0.00 0 0.0 1025.00 222.00 1211.00 370.00 0.0 0.0 0.0 0.0 0.0 0.0 0.0 0.0
car 0.00 0 0.0 783.00 214.00 893.00 320.00 0.0 0.0 0.0 0.0 0.0 0.0 0.0 0.0
car 0.00 0 0.0 727.00 206.00 820.00 294.00 0.0 0.0 0.0 0.0 0.0 0.0 0.0 0.0
car 0.00 0 0.0 534.00 186.00 590.00 225.00 0.0 0.0 0.0 0.0 0.0 0.0 0.0 0.0
car 0.00 0 0.0 485.00 151.00 534.00 190.00 0.0 0.0 0.0 0.0 0.0 0.0 0.0 0.0
car 0.00 0 0.0 462.00 136.00 491.00 158.00 0.0 0.0 0.0 0.0 0.0 0.0 0.0 0.0
cyclist 0.00 0 0.0 652.00 217.00 701.00 354.00 0.0 0.0 0.0 0.0 0.0 0.0 0.0 0.0
person 0.00 0 0.0 193.00 174.00 217.00 240.00 0.0 0.0 0.0 0.0 0.0 0.0 0.0 0.0
person 0.00 0 0.0 232.00 171.00 252.00 232.00 0.0 0.0 0.0 0.0 0.0 0.0 0.0 0.0
person 0.00 0 0.0 318.00 164.00 336.00 220.00 0.0 0.0 0.0 0.0 0.0 0.0 0.0 0.0