person 0.00 0 0.0 1.00 266.00 76.00 375.00 0.0 0.0 0.0 0.0 0.0 0.0 0.0 0.0
person 0.00 0 0.0 70.00 258.00 110.00 367.00 0.0 0.0 0.0 0.0 0.0 0.0 0.0 0.0
person 0.00 0 0.0 129.00 259.00 170.00 359.00 0.0 0.0 0.0 0.0 0.0 0.0 0.0 0.0
person 0.00 0 0.0 182.00 258.00 210.00 370.00 0.0 0.0 0.0 0.0 0.0 0.0 0.0 0.0
person 0.00 0 0.0 273.00 230.00 309.00 322.00 0.0 0.0 0.0 0.0 0.0 0.0 0.0 0.0
person 0.00 0 0.0 314.00 232.00 337.00 315.00 0.0 0.0 0.0 0.0 0.0 0.0 0.0 0.0
person 0.00 0 0.0 341.00 225.00 367.00 292.00 0.0 0.0 0.0 0.0 0.0 0.0 0.0 0.0
person 0.00 0 0.0 217.00 227.00 238.00 313.00 0.0 0.0 0.0 0.0 0.0 0.0 0.0 0.0
person 0.00 0 0.0 240.00 236.00 266.00 319.00 0.0 0.0 0.0 0.0 0.0 0.0 0.0 0.0
person 0.00 0 0.0 165.00 214.00 190.00 306.00 0.0 0.0 0.0 0.0 0.0 0.0 0.0 0.0
person 0.00 0 0.0 915.00 255.00 949.00 355.00 0.0 0.0 0.0 0.0 0.0 0.0 0.0 0.0
person 0.00 0 0.0 951.00 254.00 978.00 355.00 0.0 0.0 0.0 0.0 0.0 0.0 0.0 0.0
person 0.00 0 0.0 1006.00 265.00 1032.00 359.00 0.0 0.0 0.0 0.0 0.0 0.0 0.0 0.0
person 0.00 0 0.0 1033.00 283.00 1062.00 374.00 0.0 0.0 0.0 0.0 0.0 0.0 0.0 0.0
person 0.00 0 0.0 1067.00 255.00 1107.00 372.00 0.0 0.0 0.0 0.0 0.0 0.0 0.0 0.0
person 0.00 0 0.0 1114.00 262.00 1144.00 373.00 0.0 0.0 0.0 0.0 0.0 0.0 0.0 0.0
person 0.00 0 0.0 905.00 206.00 934.00 285.00 0.0 0.0 0.0 0.0 0.0 0.0 0.0 0.0
person 0.00 0 0.0 859.00 216.00 884.00 286.00 0.0 0.0 0.0 0.0 0.0 0.0 0.0 0.0
person 0.00 0 0.0 320.00 155.00 347.00 212.00 0.0 0.0 0.0 0.0 0.0 0.0 0.0 0.0