cyclist 0.00 0 0.0 506.00 137.00 611.00 375.00 0.0 0.0 0.0 0.0 0.0 0.0 0.0 0.0
cyclist 0.00 0 0.0 610.00 166.00 639.00 268.00 0.0 0.0 0.0 0.0 0.0 0.0 0.0 0.0
cyclist 0.00 0 0.0 661.00 173.00 707.00 342.00 0.0 0.0 0.0 0.0 0.0 0.0 0.0 0.0
cyclist 0.00 0 0.0 999.00 162.00 1042.00 258.00 0.0 0.0 0.0 0.0 0.0 0.0 0.0 0.0
cyclist 0.00 0 0.0 1093.00 145.00 1132.00 259.00 0.0 0.0 0.0 0.0 0.0 0.0 0.0 0.0
cyclist 0.00 0 0.0 1144.00 166.00 1185.00 273.00 0.0 0.0 0.0 0.0 0.0 0.0 0.0 0.0
cyclist 0.00 0 0.0 865.00 168.00 902.00 221.00 0.0 0.0 0.0 0.0 0.0 0.0 0.0 0.0
cyclist 0.00 0 0.0 109.00 166.00 163.00 243.00 0.0 0.0 0.0 0.0 0.0 0.0 0.0 0.0
cyclist 0.00 0 0.0 27.00 159.00 71.00 234.00 0.0 0.0 0.0 0.0 0.0 0.0 0.0 0.0
bicycle 0.00 0 0.0 64.00 242.00 306.00 375.00 0.0 0.0 0.0 0.0 0.0 0.0 0.0 0.0
bicycle 0.00 0 0.0 185.00 235.00 382.00 375.00 0.0 0.0 0.0 0.0 0.0 0.0 0.0 0.0
bicycle 0.00 0 0.0 899.00 239.00 1148.00 375.00 0.0 0.0 0.0 0.0 0.0 0.0 0.0 0.0
bicycle 0.00 0 0.0 843.00 237.00 1035.00 351.00 0.0 0.0 0.0 0.0 0.0 0.0 0.0 0.0
bicycle 0.00 0 0.0 2.00 277.00 148.00 375.00 0.0 0.0 0.0 0.0 0.0 0.0 0.0 0.0