car 0.00 0 0.0 429.00 244.00 604.00 380.00 0.0 0.0 0.0 0.0 0.0 0.0 0.0 0.0
cyclist 0.00 0 0.0 676.00 208.00 727.00 334.00 0.0 0.0 0.0 0.0 0.0 0.0 0.0 0.0
car 0.00 0 0.0 834.00 228.00 932.00 302.00 0.0 0.0 0.0 0.0 0.0 0.0 0.0 0.0
car 0.00 0 0.0 783.00 212.00 850.00 276.00 0.0 0.0 0.0 0.0 0.0 0.0 0.0 0.0
car 0.00 0 0.0 269.00 219.00 356.00 291.00 0.0 0.0 0.0 0.0 0.0 0.0 0.0 0.0
car 0.00 0 0.0 377.00 222.00 454.00 288.00 0.0 0.0 0.0 0.0 0.0 0.0 0.0 0.0
car 0.00 0 0.0 436.00 208.00 482.00 252.00 0.0 0.0 0.0 0.0 0.0 0.0 0.0 0.0
car 0.00 0 0.0 459.00 199.00 492.00 239.00 0.0 0.0 0.0 0.0 0.0 0.0 0.0 0.0
car 0.00 0 0.0 520.00 219.00 585.00 266.00 0.0 0.0 0.0 0.0 0.0 0.0 0.0 0.0
car 0.00 0 0.0 730.00 186.00 776.00 217.00 0.0 0.0 0.0 0.0 0.0 0.0 0.0 0.0
car 0.00 0 0.0 663.00 156.00 694.00 180.00 0.0 0.0 0.0 0.0 0.0 0.0 0.0 0.0
car 0.00 0 0.0 711.00 164.00 741.00 185.00 0.0 0.0 0.0 0.0 0.0 0.0 0.0 0.0
car 0.00 0 0.0 547.00 207.00 599.00 241.00 0.0 0.0 0.0 0.0 0.0 0.0 0.0 0.0
train 0.00 0 0.0 555.00 167.00 603.00 223.00 0.0 0.0 0.0 0.0 0.0 0.0 0.0 0.0
cyclist 0.00 0 0.0 1133.00 218.00 1202.00 354.00 0.0 0.0 0.0 0.0 0.0 0.0 0.0 0.0
cyclist 0.00 0 0.0 1018.00 241.00 1060.00 332.00 0.0 0.0 0.0 0.0 0.0 0.0 0.0 0.0