person 0.00 0 0.0 43.00 141.00 99.00 282.00 0.0 0.0 0.0 0.0 0.0 0.0 0.0 0.0
person 0.00 0 0.0 121.00 159.00 148.00 263.00 0.0 0.0 0.0 0.0 0.0 0.0 0.0 0.0
person 0.00 0 0.0 161.00 142.00 197.00 287.00 0.0 0.0 0.0 0.0 0.0 0.0 0.0 0.0
person 0.00 0 0.0 351.00 138.00 382.00 244.00 0.0 0.0 0.0 0.0 0.0 0.0 0.0 0.0
person 0.00 0 0.0 382.00 137.00 420.00 255.00 0.0 0.0 0.0 0.0 0.0 0.0 0.0 0.0
person 0.00 0 0.0 434.00 145.00 470.00 254.00 0.0 0.0 0.0 0.0 0.0 0.0 0.0 0.0
person 0.00 0 0.0 514.00 143.00 538.00 234.00 0.0 0.0 0.0 0.0 0.0 0.0 0.0 0.0
person 0.00 0 0.0 572.00 150.00 619.00 290.00 0.0 0.0 0.0 0.0 0.0 0.0 0.0 0.0
person 0.00 0 0.0 643.00 139.00 673.00 279.00 0.0 0.0 0.0 0.0 0.0 0.0 0.0 0.0
person 0.00 0 0.0 679.00 145.00 706.00 289.00 0.0 0.0 0.0 0.0 0.0 0.0 0.0 0.0
person 0.00 0 0.0 715.00 138.00 753.00 285.00 0.0 0.0 0.0 0.0 0.0 0.0 0.0 0.0
person 0.00 0 0.0 779.00 137.00 813.00 261.00 0.0 0.0 0.0 0.0 0.0 0.0 0.0 0.0
person 0.00 0 0.0 844.00 126.00 868.00 247.00 0.0 0.0 0.0 0.0 0.0 0.0 0.0 0.0
person 0.00 0 0.0 878.00 146.00 923.00 262.00 0.0 0.0 0.0 0.0 0.0 0.0 0.0 0.0
person 0.00 0 0.0 934.00 134.00 967.00 243.00 0.0 0.0 0.0 0.0 0.0 0.0 0.0 0.0
person 0.00 0 0.0 981.00 148.00 1067.00 362.00 0.0 0.0 0.0 0.0 0.0 0.0 0.0 0.0
person 0.00 0 0.0 213.00 133.00 239.00 222.00 0.0 0.0 0.0 0.0 0.0 0.0 0.0 0.0
person 0.00 0 0.0 241.00 136.00 268.00 220.00 0.0 0.0 0.0 0.0 0.0 0.0 0.0 0.0